#Insight Transform File V1.0
#Transform 0
Transform: CompositeTransform_double_3_3
#Transform 1
Transform: AffineTransform_double_3_3
Parameters: 0.9674703212069417 -0.018859589172791902 0.0032596852385060994 0.0032343899443609504 0.9906368356606268 -0.009103051089482131 -0.0343707684494562 -0.08059261513082061 0.9570674278794912 1.365636305176734 3.663993467534558 347.69830636338827
FixedParameters: -1.0095640088529167 -202.8245662261307 -855.9991950707314
#Transform 2
Transform: BSplineTransform_double_3_3
Parameters: -0.00003034188765553734 -0.0004190212960850441 -0.00029330711472371764 0.000159019039610446 0.0000197545201641258 -0.0069010080846999885 -0.10044216144302473 -0.16485640204441657 -0.09775052758180461 -0.006260190028871174 -0.035210784147999774 -0.47739670648871646 -0.7821810426105823 -0.5149667469931896 -0.03422603516342673 -0.015499453448943589 -0.1927042695280292 -0.2877785736494463 -0.18400294302130724 -0.011345261584339938 -0.00027498185018675963 -0.0019356650482306734 0.0037551315561167495 0.004748840219520752 0.0003259020812473767 -0.0006172275299178405 -0.007869115286926548 -0.008085618136888677 0.0010038849382922582 0.00023132380580661828 -0.07166697577272951 -0.9739081301239236 -1.3935143629098066 -0.5758018102272916 -0.03782443993984709 -0.2496125801613745 -3.1091867876499384 -4.710647207101919 -2.8223110929037194 -0.20472116629398449 -0.09475445227251694 -0.9447216618123414 -1.1360093232812425 -0.7607908623246512 -0.05055938584234597 -0.003305673609061074 -0.028980972018617403 0.048822166054440286 0.06969527578093859 0.0045756516142627665 -0.0013776379883523578 -0.01671977641469207 -0.023484484869142154 -0.003492934233595294 0.00015389671287501048 -0.11881033181488593 -1.4292821500866182 -2.1426755542377673 -0.7254543528738967 -0.046005207847225865 -0.25675544334814404 -2.7386007645295263 -4.422729362694394 -2.2666574966235293 -0.19006811849607602 -0.053541579195180086 -0.27554470664047825 -0.24473130496727605 -0.29833807289429515 -0.0332823336944529 -0.0031305877783962136 -0.029976760540483868 0.04411093585467534 0.06734707740944179 0.004351552091746487 -0.0002688154770909563 -0.0031360020223847465 -0.0049863961218302435 -0.0012408933173590746 -0.00000472010644869244 -0.021686975105003625 -0.24113927728419662 -0.4017579695526146 -0.15647172822273514 -0.009261804550872072 -0.041577194649640686 -0.4226087082939661 -0.7904055625920157 -0.40532583728537835 -0.03182615759653933 -0.005650529209585756 -0.031943081329969626 -0.07098620808866617 -0.061587399222331335 -0.006590787491715539 -0.00025823772952635363 -0.0029242841331513112 0.0020710007069443762 0.00442598716977076 0.0002751941234140948 -0.00003099588957043687 -0.0006037943993942316 -0.001216821489942985 -0.00043759020615884267 -0.00001738658364599327 -0.0027291365490310195 -0.044603178312650704 -0.026036833598420746 0.03446168207575497 0.0026233780245329278 -0.0026235582578882904 -0.0491176082625734 0.06629133617147931 0.1587116626508062 0.010931712430880562 0.003948648744548046 0.09431115480497342 0.38011211086922375 0.2277466919992768 0.010393051968471232 0.00022866101840751963 0.012875124203596254 0.06956705724172475 0.037477225607695536 0.001275533021217098 -0.00016217020190234584 -0.009164123753973174 -0.025650607620484853 -0.010227989667131955 -0.00041786645053288745 -0.011922785504511368 -0.7126357955013195 -1.8314137774859014 -0.5944524250311165 -0.018615950242764273 -0.005619798443882129 -1.5014320561959345 -3.865417101014281 -0.7705612972933796 0.006879878580192119 0.06238826330617874 0.9114964801930169 2.6711470114220894 1.9791511781723514 0.11231752414046979 0.007512364828220662 0.2010367675829806 0.6870345417436183 0.37940404047017157 0.015603547196605389 0.0003411422705539663 -0.009127238774073638 -0.034628271860584904 -0.014440454130167103 -0.0007601795180109427 0.03178539271255504 -0.6353537596773348 -2.985894822832358 -1.4845287009299748 -0.07491125437986632 0.0693837283984482 -1.8707601606666189 -8.18056758800888 -3.6201775826519165 -0.15281515683072983 0.07424547197581699 0.5789880118523094 0.4576219017353506 0.9044370550391732 0.07661531153105022 0.009821207205237159 0.19306834498884556 0.47215982459927236 0.28901952193109004 0.014959535985568229 0.00012746403543500761 -0.0004153543620146559 -0.0034224187919084602 -0.0015338587512927792 -0.00012106501613694801 0.011198344896756295 0.004147246208646298 -0.29454429641866114 -0.19646679614791443 -0.013169073639975094 0.023648704338189698 -0.05250718646450038 -0.9286516133841278 -0.5573904055383979 -0.03183729380259839 0.009250918598550241 0.06321679884317444 -0.07426179220748128 -0.014377373126437236 0.0017429107193964498 0.0009181080005291819 0.015775008096317874 0.027610417411330024 0.017715212173318354 0.0011299372294514389 0.0000013849075999371047 -0.000036333229469855667 -0.00018499870066947428 -0.00009955990888846385 -0.0000035191400528060466 0.0011200626190260167 0.005167285576637259 -0.037347007851374785 -0.03067552380557476 -0.0013642884262786263 0.003916989182640099 0.029181706833654526 -0.07537072705284721 -0.06785456776820464 -0.003010885313051773 0.0008634490764679145 0.013310998846665912 0.019930706946544925 0.008800826697218734 0.0002907991211694514 -0.000004316705251423977 0.0005998966811078143 0.0028228515836189357 0.001327129970164114 0.00003510413781852497 0.00007662867008776528 0.00005676110031237701 -0.00043406303844521597 -0.0002332188687447494 -0.00005560433421732161 0.011753500482774341 0.1005434122149702 -0.022686904708159733 -0.1046117198285403 -0.007500473818113994 0.03810898775528107 0.3375516488147407 -0.3268934030747545 -0.4265331377350195 -0.020068319673919203 0.008336469267980574 0.00775408514069008 -0.3791678146159346 -0.18344816271222908 -0.004188580919807381 -0.0001819776460246074 -0.009377045268975023 -0.02817422773421533 -0.008764715567448289 -0.00012902422982383568 0.00023977813954707722 0.0008282831127030228 0.001420607091250455 0.00058566723058202 -0.0001506785594598292 0.022042081545370667 0.2312341649005042 0.44381622445411284 0.13383521915615343 -0.0026257653692866962 0.0587590891059253 0.5330720238574393 0.26719915585918047 -0.040264246228698744 -0.0020115102934493406 0.009478749122121849 -0.15493959138535668 -1.0238639669038472 -0.40842276196583904 -0.005647715823695013 -0.0004195454871315481 -0.02677712479562462 -0.08508843697097442 -0.028746582820862628 -0.0004795961568540999 0.0000500294513741331 0.00018520134158047033 0.00034227283890118394 0.00012199710681738402 -0.00003395596747849375 0.004207599442733274 0.04087637174444698 0.08655343440331588 0.0324086255979558 -0.00030424338933797716 0.010583750906425023 0.08721473654265816 0.07406216733081225 0.025504786507860915 0.0010043614513419049 0.0015478795805965097 -0.025888714403802898 -0.15415200113558503 -0.057351795739905384 -0.0004853262274058794 -0.00006320487894436194 -0.003856781288520471 -0.012076614696813311 -0.004061996638855335 -0.00006628099250411349
FixedParameters: 5 5 4 -499.02107999999987 -683.02108 -1969.9999999999995 249.51107999999996 249.51107999999996 739.9999999999999 1 0 0 0 1 0 0 0 1
