#Insight Transform File V1.0
#Transform 0
Transform: CompositeTransform_double_3_3
#Transform 1
Transform: AffineTransform_double_3_3
Parameters: 0.9672042745916846 -0.019967530042952736 0.005548649005091564 0.0024032058210182667 0.9946016816281027 -0.016851265516865714 -0.043474913200197134 -0.10036782246689271 0.9577277985887582 1.356247146373695 3.657189550355591 347.69638094042654
FixedParameters: -1.0095640088529167 -202.8245662261307 -855.9991950707314
#Transform 2
Transform: BSplineTransform_double_3_3
Parameters: -6.388834160205551e-10 -4.1686434839307034e-8 -1.3574348323046097e-7 4.690015412165522e-9 1.3504048840670858e-7 3.7944380130443406e-8 5.103874406427859e-10 -6.778030341790847e-8 -0.0000014118106340450302 -0.0000035969058971959284 -0.0000023052347418518777 -5.294824289485918e-7 3.836798725582221e-7 5.8187351975226725e-8 -0.0000014687659756207915 -0.00006082729985921132 -0.00014209277090311152 -0.0000947545409464216 -0.00013298651861935325 -0.00005667255063075297 -3.9703292418052646e-7 -0.000006032700857104971 -0.0002575078597860926 -0.00048765648134341635 -0.0002469408443491765 -0.0005727217805547296 -0.0002886135812075864 -0.0000037432521743445783 -0.000003130033417762014 -0.00012135753171766643 -0.00019025569265434224 -0.0001515904519476499 -0.0004993756989574415 -0.00021045342352550545 -0.0000014424681414652529 -6.082977941458582e-8 0.000019109806409113205 0.000084638303855288 8.526989270173783e-7 -0.00009056093428144451 -0.00002220153420908561 2.3122575498263132e-7 4.697326298797146e-9 0.0000015399885500976312 0.000007328166667115523 0.0000020906206646144148 -0.000002499037147154532 -3.391200099152707e-7 2.1853361839070774e-9 -7.262965031784851e-9 -4.841978013858498e-7 -0.000001620076536626113 7.053265054675848e-8 0.0000016048679899950584 4.3089771872435844e-7 5.489724668265265e-9 -7.804369929950945e-7 -0.000014659079433609025 -0.00003392571726199227 -0.000012785952651132258 0.000011424753386078753 0.000009039809740175449 6.853426041112287e-7 -0.000010552781434284661 -0.0004691608225130279 -0.0012153132499689214 -0.0005987905107071764 -0.0006769863735787835 -0.0003175255295018097 -5.68652026819061e-7 -0.00004195274118182982 -0.0020443759845800583 -0.00426850286012548 -0.0018111689971229664 -0.004028126964776099 -0.0020868407844022063 -0.000023128961461575658 -0.000029085147648050243 -0.0010459385401291234 -0.0014486030471067516 -0.0010768863432890742 -0.003907719001788546 -0.0015720819188241785 -0.000002098068528922166 -0.00000284957503244 0.00011204767771548104 0.000728820271224287 0.00014670465782606822 -0.00044162271975453697 -0.000052461139301876605 0.000005746105022068152 2.5015527296562635e-8 0.000012071669233906365 0.00005998063306839234 0.000029232061293022924 0.000007812371125462253 0.000003927669633889678 5.643747173468763e-8 -1.1405477797859522e-8 -7.975703206516716e-7 -0.000002795614738408882 1.5695493859656552e-7 0.0000027748466919791847 6.838919876662289e-7 7.711521929660834e-9 -0.0000037172223139841685 -0.00005127066216651593 -0.00010970205046709944 -0.00008219554142423824 0.000014853803696012499 0.00001754251343396497 6.710657218963032e-7 -0.00005725886867970619 -0.0010347632510942137 -0.0025073423886209857 -0.001444699083050544 -0.00009096977951842125 -0.0001243244530436153 -0.000026841001260046296 -0.00010067269765125861 -0.0020734742263698418 -0.004574660539643988 -0.0020236355376016873 -0.0015816651717587842 -0.0014191038505667049 -0.00009019771146073701 -0.000049813362232617334 -0.0003907102045147656 0.001028461904964997 0.00029785453964631864 -0.0021957034104927277 -0.0009109535867401977 -0.0000022142513026522292 -0.000011271002449397652 -0.00012541333519411395 0.0003538209557799257 0.00043012783694075876 0.0005401123633560954 0.0003378298484422213 0.000014602049569634135 -5.850277164503881e-8 -0.0000023908098988139857 7.89834155393167e-8 0.00003412730738625763 0.00008045101561179642 0.000021825557014484655 1.632116717075241e-7 -4.98355327117165e-9 -3.7278178598246335e-7 -0.0000013519967777056996 8.568479718210283e-8 0.0000013911185589516242 3.1594839465586165e-7 2.9866833647430623e-9 -0.000008553637495901052 -0.00009411053259968189 -0.00017812504446291152 -0.0002138382381888136 -0.00008367965154865606 -0.00000883307858906531 -7.786856920321969e-7 -0.00014085494491033264 -0.0016044377560198461 -0.0029768430068309944 -0.002937389082646953 -0.0015548404833543399 -0.0006042264781723016 -0.00007881079747586421 -0.00019012413385139293 -0.0020163775759076213 -0.003559382353145194 -0.003580133363982549 -0.002587623338875811 -0.0016492440119312676 -0.00019932583884943258 -0.000042747595262395544 -0.00010504107603135797 0.000638281959432399 0.00001565945079991237 -0.000792219090095485 -0.0006022191159307859 -0.0000400247607657696 -0.000007640480203709932 -0.0001891907230458813 -0.0003060774645873853 0.0001332268826532256 0.0004795533600406083 0.00019208421047794147 0.000005871264863695681 -6.124214336794598e-8 -0.0000074837666866431435 -0.00002859714879789652 0.0000052370675084358 0.00003983594923377609 0.000010733942627198025 8.597021888140649e-8 -3.343761438916035e-10 -2.6821748783860104e-8 -9.831099352435694e-8 7.629072037573887e-9 1.0903589033883509e-7 2.3870404135827753e-8 1.9458437759047595e-10 -0.0000017159288211255375 -0.00001778745028640092 -0.00003083918630340357 -0.000039535539062342866 -0.00002051728001897597 -0.0000035553644854711092 -1.8867835116497234e-7 -0.000026507428125207014 -0.00027430049757408334 -0.0004519158442411055 -0.0005028661652095718 -0.0003742960351901089 -0.00013490012781566354 -0.00001292733764108056 -0.00003222319324232063 -0.00032750517589508974 -0.0005226045408772183 -0.0006533997446124825 -0.0006142024040341907 -0.0002809207214393529 -0.000029349881072363227 -0.000005311038528428352 -0.000053956115814190225 -0.0000750218047755072 -0.00009555169018717081 -0.00010985591586151446 -0.00006899521272836261 -0.000005590884719275666 -6.23787412380988e-7 -0.00001958133353230126 -0.000050166320498157514 6.927057955752708e-7 0.00004085682954804466 0.000012081193673297167 3.007075937327086e-7 -4.664518900547139e-9 -4.0550460160233697e-7 -0.0000015826091025736205 1.6650746646963683e-7 0.0000017469407568765957 4.497851969431285e-7 4.977096277707618e-9 -6.412746103447828e-10 -6.551499777152764e-8 -3.0986596206610036e-7 -3.314032375650779e-7 -3.0850329907974317e-7 -5.989379693651946e-8 -5.179381007538893e-10 -4.346205870735801e-8 -0.000001625888340524707 -0.000004176398581234197 -0.000004242484736429841 -0.0000015941728210311184 -1.971511229296768e-7 -3.714112554722449e-8 -4.888577319166015e-7 -0.00004039187911940497 -0.00010396071783162388 -0.00008298286806519642 0.000050879383196596306 0.00003650976005467566 8.217604850431608e-8 -9.80297322543414e-7 -0.00006490925929415075 -0.0001858043618521327 -0.0001681919735183916 -0.000009490527524349631 0.000026224847668282387 -1.5437612112511857e-7 -0.000002768187325846216 -0.00010424768263966067 -0.0003627609527838406 -0.00038265412025644327 -0.00043711327965292976 -0.00012981625772197437 -0.0000023501591351743965 -0.0000013280349771042272 -0.00009418717444407382 -0.0003899160584123433 -0.0003222322435471851 -0.0002470489524325174 -0.0000529174858540183 -7.417579740654444e-7 -1.049798126635532e-8 -0.0000040960571554409435 -0.00002641853179120894 -0.000024302976252922942 -0.00001269561908047518 -0.000001567561822375253 -6.182920315640426e-10 -7.353534599107845e-9 -7.727026913321849e-7 -0.00000393114550229642 -0.000004636289408624495 -0.000003852680053822287 -6.875264467400858e-7 -5.593586474753726e-9 -4.990243147758813e-7 -0.00001690907293858314 -0.00006373645443681777 -0.00008222228727764267 -0.00004672918958957242 -0.000009064281822528218 -4.402901814971197e-7 -0.0000036929588017594946 -0.000348762570256203 -0.0014436781396849354 -0.001578857611984679 -0.00016667938153686735 0.00016850951316130412 -4.0449343186063947e-7 -0.00000799396025688241 -0.0006884573580369681 -0.002673044689992105 -0.0026529758044823923 -0.0005951985235696784 0.000162244308171481 -0.0000014541583931344137 -0.000022770563851099977 -0.000821681564857856 -0.0031604197351967644 -0.003266362839604655 -0.002411370310247241 -0.0005259859188647974 -0.00001253561308787098 -0.000009971332077075353 -0.0006684510682483462 -0.002940090570378942 -0.00180135488207043 -0.0006237748543553908 -0.000036058426748850856 -0.000002013272102992444 -6.134511265133264e-8 -0.000031507729288084534 -0.00020110286587248654 -0.00009149573954613729 0.000012458114971036159 0.00000636032600020518 7.120323028817218e-8 -1.1732259966346113e-8 -0.0000013084116490811384 -0.000007550195833283894 -0.00001031846615910309 -0.000007250542793885991 -0.0000011087116795473853 -7.930429549476364e-9 -3.024056666218231e-7 -0.000017473455750286363 -0.00019413131452324802 -0.0003042480230218562 -0.0001857813749937573 -0.00003731744307829656 -8.312915132337607e-7 0.000006079560604885073 -0.0002806249531119581 -0.003406469481091933 -0.005420800070162557 -0.0033699131854264394 -0.0005461084531243455 -0.00000650359867749668 0.000007879481055139898 -0.0010144666006447174 -0.006366160413812292 -0.008678246198718223 -0.0058522072189592786 -0.0011755422627964538 -0.000023143454220799243 -0.000007561604856126111 -0.0004296782510133944 -0.003384604630478373 -0.004969776635905656 -0.0009491138231129579 0.0005025296738391902 0.0000053811234778571105 3.562146934225874e-7 0.0002704563848950009 -0.00028158938914417067 -0.0003669081373393314 0.002776056316681394 0.0011757944221015386 0.00001393677051401807 1.0036563447899e-7 0.00000893682465799306 -0.00007417058879914852 -0.0000705060699505036 0.00019536329672336037 0.0000586052308507367 2.9344507873235973e-7 -5.187885579341938e-9 -6.282117341150363e-7 -0.000004024714206825903 -0.0000061457115387220384 -0.00000389546513678796 -5.158516353190662e-7 -3.106797634786093e-9 0.000001439828228682498 0.0000362943521560243 -0.00012112451274638063 -0.00020095243113331637 -0.00008130338103832882 -0.000034205223539902425 -8.560282259659784e-7 0.000034354147617932875 0.0006497607826614352 -0.0010513976194613877 -0.003049214949057884 -0.002492373697727877 -0.0007351881435010171 -0.000013115148759285842 0.00005959457582481784 0.0004750659581625348 -0.00235830472914791 -0.00607795636120751 -0.005509467572912113 -0.0016014933540251025 -0.00004383361365111154 0.000017692561847048845 0.0003630817650447428 -0.000101850703079809 -0.002174999917363065 -0.0005021265988204054 0.00024937633391498116 0.000002983494793255004 0.000007046548860631514 0.0006305724536186472 0.0017201941555148213 0.0007165470983424934 0.0019718565670631145 0.0008101869084441812 0.000012934503939260457 1.1501878903783976e-7 0.000021582989034816554 0.00001956245689074162 -0.00011839370473152128 0.00005092290678900753 0.000030212905519436874 1.7474159760495992e-7 -3.457378448470917e-10 -4.556480493365398e-8 -3.074900360683415e-7 -4.981666720907145e-7 -3.1103288239801864e-7 -3.862400250581069e-8 -2.0225646266467208e-10 3.6215380472923436e-7 0.000009930932425157714 -0.000008371322905584517 -0.000013561665653852835 0.0000014056617375796805 -0.0000044214494407226135 -1.733038438479731e-7 0.000007491292877753066 0.00016987630141748162 0.0000959484014440116 -0.00009982461088114095 -0.00012253642450205582 -0.00008430450215918084 -0.0000028556913855052145 0.000013272093615863303 0.00021555796479155446 0.000135349743595696 -0.0003790214986681247 -0.00040632702510210567 -0.0001498069585820369 -0.000006468091170178173 0.000003546347631888754 0.00009895569860180935 0.00024957167702862964 0.0000481010662925244 0.0000766962557166861 0.000038818534699154724 2.5249127722068557e-7 7.738460317714806e-7 0.00005975032559202852 0.0002443404675832747 0.0002606473913427068 0.00021797137757729548 0.00006344584741969479 0.0000011787968002800817 9.172148502645231e-9 0.0000012853479367023297 0.00000446117679902785 0.0000014440182390493639 0.000004203289639159431 0.0000014180917425714156 1.1688171412724793e-8 9.00552626005926e-12 8.683390446498776e-10 4.3101030379116255e-9 6.100278159159032e-9 6.2982864964409155e-9 1.1946736869718668e-9 1.061546921788339e-11 2.035185675089336e-9 2.806537493377747e-7 2.099405790565124e-7 -4.1012866366468433e-7 -6.600958797901604e-7 -2.725758951786024e-7 -3.497170681937754e-10 2.079230683640896e-7 0.0000164158146449758 0.000021443520754900046 -0.00001899672882129238 -0.00004052174792815155 -0.000014961194329746835 -7.789110790487885e-8 6.708687394002511e-7 0.000038116345190154664 0.00006836979996594137 -0.000025811804407572112 -0.00004128647278835471 -0.00001348207228269665 -6.830481592796037e-8 2.6778973435214493e-7 0.000012857011109909246 0.00009358920157729605 0.00013343052259260678 0.0001353639142611876 0.000033376990791798954 2.465552210151861e-7 3.8950855379019225e-8 0.000003421888507595184 0.000036473889614498097 0.00006759046745223772 0.000045633737040102474 0.000007397354093320148 4.969021402145474e-8 2.3031716834547504e-10 1.0265116105539832e-7 7.819077831054607e-7 9.193374626338256e-7 4.142663830117607e-7 4.1819961363682845e-8 7.989998146415189e-11 9.677780672917384e-11 1.097610078632255e-8 6.07137478135048e-8 8.675490221273832e-8 7.850420677893303e-8 1.4221252450979133e-8 1.2224581703246025e-10 1.2207702402970178e-8 0.0000013995014923775641 1.1021037266508748e-7 -0.000004712028255856431 -0.000005063454845833766 -0.0000014612115079717312 6.326884569942869e-9 0.0000011806516967310533 0.000102135473132487 0.00013432023456144161 -0.0001801404984408773 -0.0003273765277476353 -0.00010717959529812352 -4.797357089056544e-7 0.000004438337570450269 0.0003072103860065637 0.0005626172961459085 -0.0002968036507185858 -0.000610004171790969 -0.00020931869843191094 -0.000001436506148542565 0.0000020803793011999406 0.00013665495293859064 0.0006273648683761887 0.0006096715540389315 0.0004910521080792054 0.00009203158655380871 5.755436104887782e-7 2.6591484949102324e-7 0.000024343283220232877 0.00020670920901005464 0.00032613833634784553 0.00020364170400624372 0.00002933948663352346 2.2139515085696573e-7 1.218530673444668e-9 7.302528708597031e-7 0.0000050780526128280825 0.0000034965492198466834 3.371493263797064e-7 -9.611582726326392e-8 -9.189957827027093e-10 1.8988473451136127e-10 2.151928642612846e-8 1.4019353050302633e-7 2.2069416657038868e-7 1.5906605719722765e-7 2.575010259500333e-8 1.958179218082011e-10 -2.5259698336846943e-8 0.000004433579341617497 -0.000010544558068755815 9.507295754644611e-7 0.000013220082484512097 -2.5779792326910843e-7 2.0285257049002253e-7 -0.000004190835792097776 0.00006469113675805194 0.000023853420429325774 0.0003018992488452631 0.00023101912234014206 0.00003160687964827951 0.000014196239565422636 -0.000005536647460005351 0.00019777125339469744 0.0006199800440083846 0.0005470676461910472 0.0002836191928559904 0.00009752940648211852 0.00003339209134147081 -6.142438401280204e-7 0.00011764644665209812 0.0002451958022697399 -0.0007564442059714525 -0.0003624084339783622 -0.000004477417629508085 0.000007634016966906723 -2.3150661222918952e-7 -0.000013104559296830466 -0.00016383470839277195 -0.00048796955354028955 -0.0002880974575012862 -0.000032664533867743874 -3.86317722300559e-8 -3.4896202871340963e-9 -8.550510838231938e-7 -0.000009825502394258 -0.000026389316124882176 -0.000016136856252886092 -0.0000017091131526834562 -3.3357164235427045e-9 1.7031104704638376e-10 1.5155788670621215e-8 1.00716539809248e-7 1.9376848839203042e-7 1.3405336370524904e-7 1.905074940347437e-8 1.1833259468134531e-10 -3.21527082949969e-8 0.000011553631750149666 -0.000024354972660218092 0.000014761231278216056 0.000039683954646194404 -0.0000012281046918710157 3.904250306966079e-7 -0.000007591021906817776 0.0001354529391960491 0.0000187456634536206 0.0008030840660653485 0.000883702130101061 0.0001951043228757874 0.00003230302681267769 -0.000004838636138906771 0.0002607525827006383 0.0006160729619232684 0.0011650466980452781 0.0014511721529231274 0.0006071508910549316 0.00007576640974585681 1.7257019998257786e-7 0.000027811388074945146 -0.0003166786931698363 -0.001560625437504545 -0.0006334464308589219 0.00007137169099564959 0.000017008527226869313 -5.467606763266787e-7 -0.00004254803413969253 -0.00036608985630348927 -0.0008011316722805408 -0.00044260652070329955 -0.00004330423950527665 -6.439847252367596e-8 -3.963711837980626e-9 -0.000001327531879120895 -0.000014469183385490224 -0.00003304762391356369 -0.00001772137232422926 -0.0000013505562503779666 1.8379885906575028e-10 2.2679164920654e-11 1.6393220436442055e-9 8.824298605420959e-9 2.210775026911803e-8 1.8378464996102252e-8 2.4834515734257663e-9 1.3029600133810619e-11 6.319122604218434e-9 0.000001965100394477924 -0.000004753763260786724 0.000003082676916049862 0.000006311426593542958 -6.172652494206401e-7 3.988103404962994e-8 -5.531983097359386e-7 0.000023781214852425708 -0.00001913909078184453 0.0000913307194006289 0.00011380423225466556 0.00002351890101937919 0.000004319640027242575 0.0000012663026732848787 0.00005666082689010882 0.000049366146768840253 0.00008427442488715839 0.00016926710142660633 0.00008259065184210424 0.000009857038574636995 6.213993993588484e-7 0.000012731570282169878 -0.000020313047289716936 -0.00016092040247885238 -0.00006499642909715955 0.000011209645950069494 0.0000021368206519962434 -5.7994732793203e-8 -0.000003823422306930766 -0.000028766774634648397 -0.00006237001622542355 -0.000035894788191533205 -0.0000038052044564966917 -6.96370229093399e-9 -3.35518153495656e-10 -9.292138892920898e-8 -0.00000104390417192167 -0.0000024653917381380033 -0.0000013423617814196688 -9.108432760829887e-8 7.734099282888435e-11
FixedParameters: 7 7 5 -374.75381999999996 -558.7538199999999 -1602.4999999999995 124.75553999999998 124.75553999999998 369.99999999999994 1 0 0 0 1 0 0 0 1
